73	5.264260e-05	1.000000e+01	1.189999e+01	
74	5.364260e-05	1.000000e+01	9.774995e+00	
75	5.464260e-05	1.000000e+01	8.029460e+00	
76	5.564260e-05	1.000000e+01	6.595628e+00	
77	5.664260e-05	1.000000e+01	5.417837e+00	
78	5.764260e-05	1.000000e+01	4.450366e+00


137	1.026426e-04	-1.00000e+01	-1.18994e+01	
138	1.036426e-04	-1.00000e+01	-9.77447e+00	
139	1.046426e-04	-1.00000e+01	-8.02903e+00	
140	1.056426e-04	-1.00000e+01	-6.59527e+00	
141	1.066426e-04	-1.00000e+01	-5.41755e+00	
142	1.076426e-04	-1.00000e+01	-4.45013e+00	
