Åc
73	5.264260e-05	1.000000e+01	-1.89999e+00	
74	5.364260e-05	1.000000e+01	2.250052e-01	
75	5.464260e-05	1.000000e+01	1.970540e+00	
76	5.564260e-05	1.000000e+01	3.404372e+00	
77	5.664260e-05	1.000000e+01	4.582163e+00	
78	5.764260e-05	1.000000e+01	5.549634e+00	

Åc

137	1.026426e-04	-1.00000e+01	1.899356e+00	
138	1.036426e-04	-1.00000e+01	-2.25529e-01	
139	1.046426e-04	-1.00000e+01	-1.97097e+00	
140	1.056426e-04	-1.00000e+01	-3.40473e+00	
141	1.066426e-04	-1.00000e+01	-4.58245e+00	
142	1.076426e-04	-1.00000e+01	-5.54987e+00	

Åc